525.4 2421.9 -18.4 212 0 10.5 16.3 2.5 0.0 0 0 1 5 5
440.9 2311.1 -22.1 174 0 12.4 41.0 2.5 1.5 2 0 1 0 0
209.8 695.6 -22.2 228 0 29.0 13.5 5.0 2.5 2 0 2 3 3
1100.7 842.7 -20.8 133 0 14.5 29.1 10.0 0.0 0 0 4 4 4
1105.2 1168.9 -22.4 213 0 19.8 13.5 2.5 0.0 0 0 1 5 5
1184.5 970.2 -21.0 233 0 21.6 15.7 10.0 0.0 0 0 4 1 1
1141.0 928.7 -20.3 42 0 11.1 19.6 10.0 2.5 2 1 4 2 2
1261.5 1028.1 -20.3 316 0 8.1 22.4 2.5 1.0 0 0 1 4 4
1085.0 849.3 -22.0 312 0 32.7 10.2 12.5 2.5 2 0 5 3 3
1181.0 838.0 -21.5 76 0 16.3 13.7 2.5 2.5 2 0 1 4 4
1425.3 1152.0 -21.1 320 0 11.4 20.1 2.5 2.5 1 0 1 1 1
1400.6 1223.0 -23.5 135 0 27.4 10.9 5.0 2.5 2 0 2 0 0
1188.3 919.5 -21.0 247 0 8.0 34.0 7.5 2.5 4 1 3 3 3
1168.9 975.1 -21.0 18 0 11.7 12.9 10.0 0.0 0 1 4 0 0
1182.6 887.8 -20.4 334 0 17.3 12.6 5.0 2.5 2 0 2 2 2
1147.9 903.1 -20.2 248 0 18.1 19.1 5.0 2.5 2 0 2 5 5
1160.5 941.4 -20.3 234 0 12.3 18.7 5.0 2.5 2 1 2 0 0
1210.8 994.8 -21.1 135 0 5.6 12.9 5.0 1.0 2 0 2 4 4
1149.8 928.2 -20.2 234 0 11.5 10.1 5.0 2.5 2 0 2 5 5
1201.6 940.1 -21.0 54 0 15.4 14.1 5.0 2.5 2 0 2 1 1
1188.6 934.7 -20.7 55 0 11.7 10.9 5.0 0.0 0 0 2 0 0
1250.6 861.1 -22.5 346 0 10.7 26.1 10.0 2.5 2 0 4 1 1
1260.8 1020.2 -20.3 227 0 9.1 18.5 2.5 2.5 2 0 1 5 5
1058.3 1000.1 -21.9 222 0 13.5 5.3 5.0 2.5 2 1 2 3 3
348.9 587.0 10.1 63 0 19.3 8.1 5.0 2.5 2 0 2 3 3
354.3 563.9 9.8 236 0 17.5 8.5 5.0 2.5 2 0 2 4 4
509.3 983.2 -21.5 202 0 9.7 11.5 2.5 0.0 0 0 1 4 4
390.7 649.3 10.4 152 0 7.7 8.2 5.0 2.5 2 0 2 4 4
433.2 683.9 11.0 248 0 6.5 8.0 7.5 2.5 4 0 3 1 1
403.9 648.8 10.1 151 0 9.2 13.4 2.5 2.5 2 0 1 2 2
436.4 748.0 9.0 166 0 9.9 7.3 7.5 2.5 4 0 3 2 2
442.5 762.7 8.2 78 0 14.1 8.4 5.0 2.5 2 0 2 2 2
465.5 744.6 9.4 256 0 7.0 9.7 5.0 2.5 2 0 2 3 3
454.5 756.8 8.5 256 0 5.6 9.0 5.0 2.5 2 0 2 3 3
810.4 857.5 -18.1 108 0 5.5 9.7 5.0 2.5 2 0 2 2 2
846.1 874.4 -19.1 19 0 12.3 8.5 7.5 2.5 2 1 3 5 5
559.0 917.0 -17.2 127 0 15.7 9.9 5.0 2.5 2 0 2 4 4
582.4 952.8 -19.3 42 0 12.1 24.6 7.5 2.5 2 1 3 0 0
548.4 900.2 -16.8 37 0 8.4 12.5 5.0 2.5 2 0 2 5 5
545.0 909.6 -17.2 128 0 6.7 10.2 5.0 2.5 2 0 2 5 5
342.8 562.9 9.3 60 0 11.2 11.8 5.0 2.5 2 0 2 2 2
923.1 909.1 -25.4 199 0 51.0 11.4 2.5 0.0 0 0 1 0 0
393.6 2025.9 -24.0 60 0 7.3 9.6 2.5 1.3 2 1 1 2 2
15.2 -84.2 22.8 320 0 8.5 10.6 7.5 2.5 2 1 3 0 0
590.3 961.6 -18.6 42 0 11.5 9.1 5.0 2.5 2 0 2 4 4
400.2 1998.8 -24.3 240 0 7.3 9.6 2.5 1.3 2 1 1 5 5
363.0 2041.6 -22.9 49 0 8.8 6.7 2.5 1.3 2 0 1 3 3
408.3 2016.5 -24.5 319 0 6.7 8.8 2.5 1.3 2 1 1 2 2
434.8 2015.0 -25.0 324 0 6.1 9.6 2.5 1.3 2 1 1 2 2
408.3 2033.5 -24.3 330 0 9.6 7.3 2.5 1.3 2 0 1 5 5
440.6 2058.4 -23.8 302 0 9.7 5.4 2.5 1.3 2 0 1 5 5
372.2 2041.2 -23.5 229 0 8.8 6.7 2.5 1.3 2 0 1 4 4
418.6 2034.6 -24.2 60 0 7.3 9.6 2.5 1.3 2 1 1 1 1
437.2 2034.1 -24.3 330 0 9.6 7.3 2.5 1.3 2 0 1 2 2
361.3 2031.3 -22.8 240 0 7.3 9.6 2.5 1.3 2 1 1 0 0
1303.9 1133.5 -23.1 137 0 13.8 6.7 2.5 2.0 2 0 1 4 4
-21.0 619.0 -19.6 325 0 18.4 9.7 2.5 2.5 2 0 1 5 5
1226.3 897.3 -21.5 67 0 21.5 36.0 10.0 0.0 0 0 4 1 1
1223.7 934.8 -21.4 248 0 18.0 30.3 10.0 2.5 2 1 4 2 2
1252.2 948.2 -21.6 248 0 16.6 18.3 10.0 2.5 2 1 4 2 2
1153.8 832.6 -20.9 77 0 37.6 10.5 7.5 2.5 2 0 3 5 5
1218.6 957.7 -21.1 68 0 8.2 7.2 2.5 2.5 2 0 1 5 5
1212.6 973.6 -21.1 337 0 10.5 8.4 7.5 2.5 2 0 3 5 5
1347.9 1169.6 -21.4 317 0 32.3 6.8 5.0 2.5 4 0 2 3 3
1101.1 1063.5 -21.2 32 0 14.5 24.4 10.0 2.5 2 1 4 1 1
417.5 645.1 11.0 245 0 6.0 8.7 5.0 2.5 2 0 2 4 4
459.0 769.2 8.2 167 0 7.8 11.8 5.0 2.5 2 0 2 5 5
458.3 753.2 8.4 166 0 6.9 8.9 7.5 2.5 2 0 3 0 0
414.4 686.2 10.5 160 0 8.2 6.9 7.5 2.5 2 0 3 2 2
419.2 673.0 10.8 158 0 8.4 7.4 5.0 0.0 0 0 2 4 4
397.5 672.4 10.4 68 0 8.7 9.7 7.5 2.5 2 0 3 3 3
413.3 659.5 10.8 152 0 8.2 6.9 2.5 2.5 2 0 1 5 5
456.7 736.2 9.3 166 0 9.6 7.1 7.5 2.5 2 0 3 2 2
429.3 709.2 9.9 344 0 10.1 9.5 7.5 2.5 2 0 3 1 1
403.4 635.2 11.1 241 0 7.8 8.7 5.0 2.5 2 0 2 5 5
803.1 827.5 -16.2 105 0 9.6 9.2 7.5 2.5 2 0 3 5 5
812.5 826.7 -16.5 105 0 9.0 9.7 7.5 2.5 2 0 3 5 5
817.9 849.6 -17.4 206 0 6.8 7.9 7.5 2.5 2 0 3 5 5
819.7 866.2 -18.3 287 0 7.1 10.2 7.5 2.5 4 0 3 4 4
539.4 888.4 -14.2 304 0 6.1 8.3 5.0 2.5 2 0 2 0 0
551.6 897.3 -15.8 307 0 8.5 8.3 5.0 2.5 2 0 2 5 5
81.5 17.7 25.3 291 0 5.4 14.7 5.0 2.5 2 1 2 5 5
1546.6 1048.1 -23.6 45 0 39.2 25.5 5.0 0.0 0 0 2 3 3
359.2 840.8 -22.8 138 0 38.3 14.3 10.0 2.5 2 0 4 4 4
488.0 2056.5 -22.9 46 0 5.6 9.4 2.5 1.3 2 1 1 2 2
492.1 2065.7 -22.5 135 0 9.4 5.6 2.5 1.3 2 0 1 0 0
465.2 2079.9 -22.3 333 0 6.3 9.6 2.5 1.3 2 1 1 2 2
454.9 2088.2 -22.4 335 0 6.0 9.3 2.5 1.3 2 1 1 2 2
435.0 2124.5 -21.2 210 0 5.9 9.5 2.5 1.3 2 1 1 1 1
425.3 2153.8 -21.6 269 0 9.1 6.2 2.5 1.3 2 0 1 1 1
576.8 2550.0 -24.2 179 0 4.5 5.2 7.5 0.0 0 1 3 2 2
1488.4 1054.9 -22.5 136 0 26.9 44.9 5.0 0.0 0 1 2 3 3
413.7 2165.3 -22.0 109 0 9.1 6.0 2.5 1.3 2 0 1 1 1
488.6 768.8 8.8 353 0 6.9 9.7 5.0 2.5 2 0 2 1 1
1078.2 973.3 -21.2 132 0 4.7 13.5 5.0 2.5 2 0 2 1 1
1068.4 982.0 -21.6 132 0 9.0 13.5 5.0 2.5 2 0 2 1 1
1085.7 966.7 -21.0 131 0 5.6 13.5 5.0 2.5 2 0 2 0 0
1081.8 970.1 -21.1 132 0 4.9 13.5 5.0 2.5 2 0 2 2 2
821.3 824.4 -16.5 105 0 9.4 9.7 5.0 2.5 2 0 2 0 0
1063.2 986.7 -21.7 132 0 5.0 13.5 5.0 2.5 2 0 2 4 4
1062.3 996.6 -21.8 222 0 13.5 4.7 5.0 2.5 2 1 2 4 4
544.6 884.9 -13.7 304 0 6.6 8.3 5.0 2.5 2 0 2 5 5
589.7 995.4 -19.9 224 0 9.8 12.1 7.5 2.5 2 0 3 4 4
813.6 891.9 -18.4 289 0 7.4 12.8 7.5 2.5 2 0 3 0 0
1214.4 991.2 -21.1 135 0 4.7 12.9 5.0 1.0 2 0 2 5 5
1217.9 987.7 -21.1 135 0 5.0 12.9 5.0 1.0 2 0 2 2 2
1221.4 984.1 -21.1 135 0 5.1 12.9 5.0 1.0 2 0 2 4 4
1224.9 980.6 -21.1 135 0 4.8 12.9 5.0 1.0 2 0 2 1 1
1228.4 977.0 -21.1 135 0 5.2 12.9 5.0 1.0 2 0 2 4 4
1255.4 966.7 -21.1 315 0 5.6 13.0 5.0 1.0 2 0 2 3 3
450.7 738.6 9.3 255 0 6.1 8.6 5.0 2.5 2 0 2 1 1
445.7 755.4 8.9 256 0 6.7 9.9 7.5 2.5 2 0 3 1 1
770.6 911.9 -18.2 299 0 8.2 12.4 7.5 2.5 2 0 3 1 1
753.1 900.8 -18.4 121 0 5.2 19.0 7.5 2.5 2 0 3 5 5
779.4 886.4 -17.9 115 0 8.7 17.4 7.5 2.5 2 0 3 4 4
798.4 861.3 -18.0 108 0 8.6 9.7 5.0 2.5 2 0 2 1 1
805.2 859.1 -18.0 108 0 5.6 9.7 5.0 2.5 2 0 2 5 5
827.9 853.2 -18.5 107 0 5.2 10.2 5.0 2.5 2 0 2 3 3
839.6 855.0 -18.5 16 0 10.2 8.1 7.5 2.5 2 0 3 0 0
953.7 790.3 -12.1 172 0 5.9 8.8 5.0 3.0 2 0 2 3 3
948.0 809.4 -12.6 172 0 5.2 10.0 5.0 3.0 2 0 2 2 2
830.4 806.1 -12.0 16 0 11.3 5.4 7.5 2.5 2 0 3 5 5
825.2 807.6 -12.1 16 0 11.3 5.4 5.0 2.5 2 0 2 5 5
1412.5 1047.5 -22.1 226 0 25.2 18.6 7.5 2.5 2 0 3 1 1
424.3 679.9 10.8 158 0 7.3 6.5 5.0 2.5 4 0 2 3 3
386.8 612.6 9.7 331 0 6.8 16.7 5.0 2.5 2 0 2 4 4
1124.1 919.0 -20.9 315 0 12.0 10.2 5.0 1.0 2 0 2 2 2
1096.5 899.9 -21.3 225 0 5.1 12.0 5.0 1.0 2 0 2 5 5
1100.1 903.5 -21.2 225 0 5.1 12.0 5.0 1.0 2 0 2 3 3
1092.9 896.3 -21.4 225 0 5.0 12.0 5.0 1.0 2 0 2 1 1
442.3 2298.8 -22.0 173 0 12.7 38.4 2.5 1.5 2 0 1 4 4
713.9 1036.3 -16.4 137 0 6.9 8.7 2.5 2.5 1 1 1 1 1
1598.5 976.2 -22.4 69 0 17.2 24.6 10.0 2.5 4 1 4 2 2
452.5 705.5 10.8 252 0 6.3 8.1 5.0 2.5 2 1 2 3 3
1085.6 958.6 -21.0 132 0 5.0 19.6 5.0 2.5 2 0 2 1 1
1183.5 899.9 -20.8 157 0 32.2 8.0 5.0 2.5 4 0 2 2 2
377.6 552.3 10.6 323 0 9.0 15.0 5.0 2.5 2 1 2 5 5
392.8 2074.6 -23.1 239 0 8.4 6.0 5.0 2.5 4 0 2 4 4
392.1 2083.9 -22.9 329 0 6.0 8.4 5.0 2.5 2 1 2 3 3
402.7 2092.5 -23.1 209 0 8.4 6.0 5.0 2.5 2 0 2 3 3
399.0 2096.7 -22.8 25 0 8.4 6.0 7.5 2.5 2 0 3 2 2
353.1 2082.0 -22.0 131 0 6.3 6.7 7.5 2.5 2 1 3 3 3
348.1 2062.6 -21.7 28 0 6.7 10.6 7.5 2.5 4 1 3 4 4
326.7 2069.6 -21.2 91 0 8.8 5.8 5.0 2.5 2 0 2 4 4
316.4 2096.5 -22.1 1 0 3.2 9.2 7.5 2.5 2 1 3 3 3
318.5 2087.7 -21.4 273 0 9.1 6.1 2.5 2.5 2 0 1 1 1
1475.1 1075.1 -22.1 46 0 47.4 26.3 5.0 0.0 0 0 2 1 1
411.3 2154.7 -22.2 19 0 9.1 6.0 7.5 2.5 2 0 3 4 4
1432.9 978.0 -22.9 137 0 49.7 19.0 10.0 2.5 2 0 4 1 1
